4
                     0                     0
  0.01   0.00000D+00   -1
  0.02   0.00000D+00   -2
  0.03   0.00000D+00   -3
  0.04   0.00000D+00   -4
0 1
  0.11   
  0.12   
  0.13   
  0.14   
0 2
  0.21   
  0.22   
  0.23   
  0.24   
0 3
  0.31   
  0.32   
  0.33   
  0.34   
1 1
  1.11   
  1.12   
  1.13   
  1.14 
1 2
  2.11   
  2.12   
  2.13   
  2.14 
1 3
  3.11   
  3.12   
  3.13   
  3.14 
2 2
  2.21   
  2.22   
  2.23   
  2.24 
2 3
  3.21   
  3.22   
  3.23   
  3.24 
3 3
  3.31   
  3.32   
  3.33   
  3.34 

